0 1
1 0
1 2
2 1
1 3
3 1
1 4
4 1
1 5
5 1
1 6
6 1
1 7
7 1
1 8
8 1
1 9
9 1
1 10
10 1
1 11
11 1
9 2
2 9
3 5
5 3
5 11
11 5
10 9
9 10
8 10
10 8
3 2
2 3
6 9
9 6
4 5
5 4
11 2
2 11
7 5
5 7
0 12
12 0
12 13
13 12
12 14
14 12
12 15
15 12
12 16
16 12
12 17
17 12
12 18
18 12
12 19
19 12
12 20
20 12
12 21
21 12
12 22
22 12
20 16
16 20
20 15
15 20
22 13
13 22
14 21
21 14
18 22
22 18
18 20
20 18
16 17
17 16
18 19
19 18
21 15
15 21
16 18
18 16
0 23
23 0
23 24
24 23
23 25
25 23
23 26
26 23
23 27
27 23
23 28
28 23
23 29
29 23
23 30
30 23
23 31
31 23
23 32
32 23
23 33
33 23
27 32
32 27
33 32
32 33
24 32
32 24
25 26
26 25
33 31
31 33
29 25
25 29
31 25
25 31
31 27
27 31
33 27
27 33
24 26
26 24
0 34
34 0
34 35
35 34
34 36
36 34
34 37
37 34
34 38
38 34
34 39
39 34
34 40
40 34
34 41
41 34
34 42
42 34
34 43
43 34
34 44
44 34
42 40
40 42
37 38
38 37
38 36
36 38
39 38
38 39
44 36
36 44
42 37
37 42
43 35
35 43
41 37
37 41
44 38
38 44
41 38
38 41
0 45
45 0
45 46
46 45
45 47
47 45
45 48
48 45
45 49
49 45
45 50
50 45
45 51
51 45
45 52
52 45
45 53
53 45
45 54
54 45
45 55
55 45
50 46
46 50
53 52
52 53
51 49
49 51
55 52
52 55
51 46
46 51
46 54
54 46
49 53
53 49
50 47
47 50
50 55
55 50
54 55
55 54
